0.000000 0.000000 0.000000
0.003003 0.003003 0.003003
0.006006 0.006006 0.006006
0.009009 0.009009 0.009009
0.012012 0.012012 0.012012
0.015015 0.015015 0.015015
0.018018 0.018018 0.018018
0.021021 0.021021 0.021021
0.024024 0.024024 0.024024
0.027027 0.027027 0.027027
0.030030 0.030030 0.030030
0.033033 0.033033 0.033033
0.036036 0.036036 0.036036
0.039039 0.039039 0.039039
0.042042 0.042042 0.042042
0.045045 0.045045 0.045045
0.048048 0.048048 0.048048
0.051051 0.051051 0.051051
0.054054 0.054054 0.054054
0.057057 0.057057 0.057057
0.060060 0.060060 0.060060
0.063063 0.063063 0.063063
0.066066 0.066066 0.066066
0.069069 0.069069 0.069069
0.072072 0.072072 0.072072
0.075075 0.075075 0.075075
0.078078 0.078078 0.078078
0.081081 0.081081 0.081081
0.084084 0.084084 0.084084
0.087087 0.087087 0.087087
0.090090 0.090090 0.090090
0.093093 0.093093 0.093093
0.096096 0.096096 0.096096
0.099099 0.099099 0.099099
0.102102 0.102102 0.102102
0.105105 0.105105 0.105105
0.108108 0.108108 0.108108
0.111111 0.111111 0.111111
0.114114 0.114114 0.114114
0.117117 0.117117 0.117117
0.120120 0.120120 0.120120
0.123123 0.123123 0.123123
0.126126 0.126126 0.126126
0.129129 0.129129 0.129129
0.132132 0.132132 0.132132
0.135135 0.135135 0.135135
0.138138 0.138138 0.138138
0.141141 0.141141 0.141141
0.144144 0.144144 0.144144
0.147147 0.147147 0.147147
0.150150 0.150150 0.150150
0.153153 0.153153 0.153153
0.156156 0.156156 0.156156
0.159159 0.159159 0.159159
0.162162 0.162162 0.162162
0.165165 0.165165 0.165165
0.168168 0.168168 0.168168
0.171171 0.171171 0.171171
0.174174 0.174174 0.174174
0.177177 0.177177 0.177177
0.180180 0.180180 0.180180
0.183183 0.183183 0.183183
0.186186 0.186186 0.186186
0.189189 0.189189 0.189189
0.192192 0.192192 0.192192
0.195195 0.195195 0.195195
0.198198 0.198198 0.198198
0.201201 0.201201 0.201201
0.204204 0.204204 0.204204
0.207207 0.207207 0.207207
0.210210 0.210210 0.210210
0.213213 0.213213 0.213213
0.216216 0.216216 0.216216
0.219219 0.219219 0.219219
0.222222 0.222222 0.222222
0.225225 0.225225 0.225225
0.228228 0.228228 0.228228
0.231231 0.231231 0.231231
0.234234 0.234234 0.234234
0.237237 0.237237 0.237237
0.240240 0.240240 0.240240
0.243243 0.243243 0.243243
0.246246 0.246246 0.246246
0.249249 0.249249 0.249249
0.252252 0.252252 0.252252
0.255255 0.255255 0.255255
0.258258 0.258258 0.258258
0.261261 0.261261 0.261261
0.264264 0.264264 0.264264
0.267267 0.267267 0.267267
0.270270 0.270270 0.270270
0.273273 0.273273 0.273273
0.276276 0.276276 0.276276
0.279279 0.279279 0.279279
0.282282 0.282282 0.282282
0.285285 0.285285 0.285285
0.288288 0.288288 0.288288
0.291291 0.291291 0.291291
0.294294 0.294294 0.294294
0.297297 0.297297 0.297297
0.300300 0.300300 0.300300
0.303303 0.303303 0.303303
0.306306 0.306306 0.306306
0.309309 0.309309 0.309309
0.312312 0.312312 0.312312
0.315315 0.315315 0.315315
0.318318 0.318318 0.318318
0.321321 0.321321 0.321321
0.324324 0.324324 0.324324
0.327327 0.327327 0.327327
0.330330 0.330330 0.330330
0.333333 0.333333 0.333333
0.336336 0.336336 0.336336
0.339339 0.339339 0.339339
0.342342 0.342342 0.342342
0.345345 0.345345 0.345345
0.348348 0.348348 0.348348
0.351351 0.351351 0.351351
0.354354 0.354354 0.354354
0.357357 0.357357 0.357357
0.360360 0.360360 0.360360
0.363363 0.363363 0.363363
0.366366 0.366366 0.366366
0.369369 0.369369 0.369369
0.372372 0.372372 0.372372
0.375375 0.375375 0.375375
0.378378 0.378378 0.378378
0.381381 0.381381 0.381381
0.384384 0.384384 0.384384
0.387387 0.387387 0.387387
0.390390 0.390390 0.390390
0.393393 0.393393 0.393393
0.396396 0.396396 0.396396
0.399399 0.399399 0.399399
0.402402 0.402402 0.402402
0.405405 0.405405 0.405405
0.408408 0.408408 0.408408
0.411411 0.411411 0.411411
0.414414 0.414414 0.414414
0.417417 0.417417 0.417417
0.420420 0.420420 0.420420
0.423423 0.423423 0.423423
0.426426 0.426426 0.426426
0.429429 0.429429 0.429429
0.432432 0.432432 0.432432
0.435435 0.435435 0.435435
0.438438 0.438438 0.438438
0.441441 0.441441 0.441441
0.444444 0.444444 0.444444
0.447447 0.447447 0.447447
0.450450 0.450450 0.450450
0.453453 0.453453 0.453453
0.456456 0.456456 0.456456
0.459459 0.459459 0.459459
0.462462 0.462462 0.462462
0.465465 0.465465 0.465465
0.468468 0.468468 0.468468
0.471471 0.471471 0.471471
0.474474 0.474474 0.474474
0.477477 0.477477 0.477477
0.480480 0.480480 0.480480
0.483483 0.483483 0.483483
0.486486 0.486486 0.486486
0.489489 0.489489 0.489489
0.492492 0.492492 0.492492
0.495495 0.495495 0.495495
0.498498 0.498498 0.498498
0.501502 0.501502 0.501502
0.504505 0.504505 0.504505
0.507508 0.507508 0.507508
0.510511 0.510511 0.510511
0.513514 0.513514 0.513514
0.516517 0.516517 0.516517
0.519520 0.519520 0.519520
0.522523 0.522523 0.522523
0.525526 0.525526 0.525526
0.528529 0.528529 0.528529
0.531532 0.531532 0.531532
0.534535 0.534535 0.534535
0.537538 0.537538 0.537538
0.540541 0.540541 0.540541
0.543544 0.543544 0.543544
0.546547 0.546547 0.546547
0.549550 0.549550 0.549550
0.552553 0.552553 0.552553
0.555556 0.555556 0.555556
0.558559 0.558559 0.558559
0.561562 0.561562 0.561562
0.564565 0.564565 0.564565
0.567568 0.567568 0.567568
0.570571 0.570571 0.570571
0.573574 0.573574 0.573574
0.576577 0.576577 0.576577
0.579580 0.579580 0.579580
0.582583 0.582583 0.582583
0.585586 0.585586 0.585586
0.588589 0.588589 0.588589
0.591592 0.591592 0.591592
0.594595 0.594595 0.594595
0.597598 0.597598 0.597598
0.600601 0.600601 0.600601
0.603604 0.603604 0.603604
0.606607 0.606607 0.606607
0.609610 0.609610 0.609610
0.612613 0.612613 0.612613
0.615616 0.615616 0.615616
0.618619 0.618619 0.618619
0.621622 0.621622 0.621622
0.624625 0.624625 0.624625
0.627628 0.627628 0.627628
0.630631 0.630631 0.630631
0.633634 0.633634 0.633634
0.636637 0.636637 0.636637
0.639640 0.639640 0.639640
0.642643 0.642643 0.642643
0.645646 0.645646 0.645646
0.648649 0.648649 0.648649
0.651652 0.651652 0.651652
0.654655 0.654655 0.654655
0.657658 0.657658 0.657658
0.660661 0.660661 0.660661
0.663664 0.663664 0.663664
0.666667 0.666667 0.666667
0.669670 0.669670 0.669670
0.672673 0.672673 0.672673
0.675676 0.675676 0.675676
0.678679 0.678679 0.678679
0.681682 0.681682 0.681682
0.684685 0.684685 0.684685
0.687688 0.687688 0.687688
0.690691 0.690691 0.690691
0.693694 0.693694 0.693694
0.696697 0.696697 0.696697
0.699700 0.699700 0.699700
0.702703 0.702703 0.702703
0.705706 0.705706 0.705706
0.708709 0.708709 0.708709
0.711712 0.711712 0.711712
0.714715 0.714715 0.714715
0.717718 0.717718 0.717718
0.720721 0.720721 0.720721
0.723724 0.723724 0.723724
0.726727 0.726727 0.726727
0.729730 0.729730 0.729730
0.732733 0.732733 0.732733
0.735736 0.735736 0.735736
0.738739 0.738739 0.738739
0.741742 0.741742 0.741742
0.744745 0.744745 0.744745
0.747748 0.747748 0.747748
0.750751 0.750751 0.750751
0.753754 0.753754 0.753754
0.756757 0.756757 0.756757
0.759760 0.759760 0.759760
0.762763 0.762763 0.762763
0.765766 0.765766 0.765766
0.768769 0.768769 0.768769
0.771772 0.771772 0.771772
0.774775 0.774775 0.774775
0.777778 0.777778 0.777778
0.780781 0.780781 0.780781
0.783784 0.783784 0.783784
0.786787 0.786787 0.786787
0.789790 0.789790 0.789790
0.792793 0.792793 0.792793
0.795796 0.795796 0.795796
0.798799 0.798799 0.798799
0.801802 0.801802 0.801802
0.804805 0.804805 0.804805
0.807808 0.807808 0.807808
0.810811 0.810811 0.810811
0.813814 0.813814 0.813814
0.816817 0.816817 0.816817
0.819820 0.819820 0.819820
0.822823 0.822823 0.822823
0.825826 0.825826 0.825826
0.828829 0.828829 0.828829
0.831832 0.831832 0.831832
0.834835 0.834835 0.834835
0.837838 0.837838 0.837838
0.840841 0.840841 0.840841
0.843844 0.843844 0.843844
0.846847 0.846847 0.846847
0.849850 0.849850 0.849850
0.852853 0.852853 0.852853
0.855856 0.855856 0.855856
0.858859 0.858859 0.858859
0.861862 0.861862 0.861862
0.864865 0.864865 0.864865
0.867868 0.867868 0.867868
0.870871 0.870871 0.870871
0.873874 0.873874 0.873874
0.876877 0.876877 0.876877
0.879880 0.879880 0.879880
0.882883 0.882883 0.882883
0.885886 0.885886 0.885886
0.888889 0.888889 0.888889
0.891892 0.891892 0.891892
0.894895 0.894895 0.894895
0.897898 0.897898 0.897898
0.900901 0.900901 0.900901
0.903904 0.903904 0.903904
0.906907 0.906907 0.906907
0.909910 0.909910 0.909910
0.912913 0.912913 0.912913
0.915916 0.915916 0.915916
0.918919 0.918919 0.918919
0.921922 0.921922 0.921922
0.924925 0.924925 0.924925
0.927928 0.927928 0.927928
0.930931 0.930931 0.930931
0.933934 0.933934 0.933934
0.936937 0.936937 0.936937
0.939940 0.939940 0.939940
0.942943 0.942943 0.942943
0.945946 0.945946 0.945946
0.948949 0.948949 0.948949
0.951952 0.951952 0.951952
0.954955 0.954955 0.954955
0.957958 0.957958 0.957958
0.960961 0.960961 0.960961
0.963964 0.963964 0.963964
0.966967 0.966967 0.966967
0.969970 0.969970 0.969970
0.972973 0.972973 0.972973
0.975976 0.975976 0.975976
0.978979 0.978979 0.978979
0.981982 0.981982 0.981982
0.984985 0.984985 0.984985
0.987988 0.987988 0.987988
0.990991 0.990991 0.990991
0.993994 0.993994 0.993994
0.996997 0.996997 0.996997
1.000000 1.000000 1.000000
1.003003 1.003003 1.003003
1.006006 1.006006 1.006006
1.009009 1.009009 1.009009
1.012012 1.012012 1.012012
1.015015 1.015015 1.015015
1.018018 1.018018 1.018018
1.021021 1.021021 1.021021
1.024024 1.024024 1.024024
1.027027 1.027027 1.027027
1.030030 1.030030 1.030030
1.033033 1.033033 1.033033
1.036036 1.036036 1.036036
1.039039 1.039039 1.039039
1.042042 1.042042 1.042042
1.045045 1.045045 1.045045
1.048048 1.048048 1.048048
1.051051 1.051051 1.051051
1.054054 1.054054 1.054054
1.057057 1.057057 1.057057
1.060060 1.060060 1.060060
1.063063 1.063063 1.063063
1.066066 1.066066 1.066066
1.069069 1.069069 1.069069
1.072072 1.072072 1.072072
1.075075 1.075075 1.075075
1.078078 1.078078 1.078078
1.081081 1.081081 1.081081
1.084084 1.084084 1.084084
1.087087 1.087087 1.087087
1.090090 1.090090 1.090090
1.093093 1.093093 1.093093
1.096096 1.096096 1.096096
1.099099 1.099099 1.099099
1.102102 1.102102 1.102102
1.105105 1.105105 1.105105
1.108108 1.108108 1.108108
1.111111 1.111111 1.111111
1.114114 1.114114 1.114114
1.117117 1.117117 1.117117
1.120120 1.120120 1.120120
1.123123 1.123123 1.123123
1.126126 1.126126 1.126126
1.129129 1.129129 1.129129
1.132132 1.132132 1.132132
1.135135 1.135135 1.135135
1.138138 1.138138 1.138138
1.141141 1.141141 1.141141
1.144144 1.144144 1.144144
1.147147 1.147147 1.147147
1.150150 1.150150 1.150150
1.153153 1.153153 1.153153
1.156156 1.156156 1.156156
1.159159 1.159159 1.159159
1.162162 1.162162 1.162162
1.165165 1.165165 1.165165
1.168168 1.168168 1.168168
1.171171 1.171171 1.171171
1.174174 1.174174 1.174174
1.177177 1.177177 1.177177
1.180180 1.180180 1.180180
1.183183 1.183183 1.183183
1.186186 1.186186 1.186186
1.189189 1.189189 1.189189
1.192192 1.192192 1.192192
1.195195 1.195195 1.195195
1.198198 1.198198 1.198198
1.201201 1.201201 1.201201
1.204204 1.204204 1.204204
1.207207 1.207207 1.207207
1.210210 1.210210 1.210210
1.213213 1.213213 1.213213
1.216216 1.216216 1.216216
1.219219 1.219219 1.219219
1.222222 1.222222 1.222222
1.225225 1.225225 1.225225
1.228228 1.228228 1.228228
1.231231 1.231231 1.231231
1.234234 1.234234 1.234234
1.237237 1.237237 1.237237
1.240240 1.240240 1.240240
1.243243 1.243243 1.243243
1.246246 1.246246 1.246246
1.249249 1.249249 1.249249
1.252252 1.252252 1.252252
1.255255 1.255255 1.255255
1.258258 1.258258 1.258258
1.261261 1.261261 1.261261
1.264264 1.264264 1.264264
1.267267 1.267267 1.267267
1.270270 1.270270 1.270270
1.273273 1.273273 1.273273
1.276276 1.276276 1.276276
1.279279 1.279279 1.279279
1.282282 1.282282 1.282282
1.285285 1.285285 1.285285
1.288288 1.288288 1.288288
1.291291 1.291291 1.291291
1.294294 1.294294 1.294294
1.297297 1.297297 1.297297
1.300300 1.300300 1.300300
1.303303 1.303303 1.303303
1.306306 1.306306 1.306306
1.309309 1.309309 1.309309
1.312312 1.312312 1.312312
1.315315 1.315315 1.315315
1.318318 1.318318 1.318318
1.321321 1.321321 1.321321
1.324324 1.324324 1.324324
1.327327 1.327327 1.327327
1.330330 1.330330 1.330330
1.333333 1.333333 1.333333
1.336336 1.336336 1.336336
1.339339 1.339339 1.339339
1.342342 1.342342 1.342342
1.345345 1.345345 1.345345
1.348348 1.348348 1.348348
1.351351 1.351351 1.351351
1.354354 1.354354 1.354354
1.357357 1.357357 1.357357
1.360360 1.360360 1.360360
1.363363 1.363363 1.363363
1.366366 1.366366 1.366366
1.369369 1.369369 1.369369
1.372372 1.372372 1.372372
1.375375 1.375375 1.375375
1.378378 1.378378 1.378378
1.381381 1.381381 1.381381
1.384384 1.384384 1.384384
1.387387 1.387387 1.387387
1.390390 1.390390 1.390390
1.393393 1.393393 1.393393
1.396396 1.396396 1.396396
1.399399 1.399399 1.399399
1.402402 1.402402 1.402402
1.405405 1.405405 1.405405
1.408408 1.408408 1.408408
1.411411 1.411411 1.411411
1.414414 1.414414 1.414414
1.417417 1.417417 1.417417
1.420420 1.420420 1.420420
1.423423 1.423423 1.423423
1.426426 1.426426 1.426426
1.429429 1.429429 1.429429
1.432432 1.432432 1.432432
1.435435 1.435435 1.435435
1.438438 1.438438 1.438438
1.441441 1.441441 1.441441
1.444444 1.444444 1.444444
1.447447 1.447447 1.447447
1.450450 1.450450 1.450450
1.453453 1.453453 1.453453
1.456456 1.456456 1.456456
1.459459 1.459459 1.459459
1.462462 1.462462 1.462462
1.465465 1.465465 1.465465
1.468468 1.468468 1.468468
1.471471 1.471471 1.471471
1.474474 1.474474 1.474474
1.477477 1.477477 1.477477
1.480480 1.480480 1.480480
1.483483 1.483483 1.483483
1.486486 1.486486 1.486486
1.489489 1.489489 1.489489
1.492492 1.492492 1.492492
1.495495 1.495495 1.495495
1.498498 1.498498 1.498498
1.501502 1.501502 1.501502
1.504505 1.504505 1.504505
1.507508 1.507508 1.507508
1.510511 1.510511 1.510511
1.513514 1.513514 1.513514
1.516517 1.516517 1.516517
1.519520 1.519520 1.519520
1.522523 1.522523 1.522523
1.525526 1.525526 1.525526
1.528529 1.528529 1.528529
1.531532 1.531532 1.531532
1.534535 1.534535 1.534535
1.537538 1.537538 1.537538
1.540541 1.540541 1.540541
1.543544 1.543544 1.543544
1.546547 1.546547 1.546547
1.549550 1.549550 1.549550
1.552553 1.552553 1.552553
1.555556 1.555556 1.555556
1.558559 1.558559 1.558559
1.561562 1.561562 1.561562
1.564565 1.564565 1.564565
1.567568 1.567568 1.567568
1.570571 1.570571 1.570571
1.573574 1.573574 1.573574
1.576577 1.576577 1.576577
1.579580 1.579580 1.579580
1.582583 1.582583 1.582583
1.585586 1.585586 1.585586
1.588589 1.588589 1.588589
1.591592 1.591592 1.591592
1.594595 1.594595 1.594595
1.597598 1.597598 1.597598
1.600601 1.600601 1.600601
1.603604 1.603604 1.603604
1.606607 1.606607 1.606607
1.609610 1.609610 1.609610
1.612613 1.612613 1.612613
1.615616 1.615616 1.615616
1.618619 1.618619 1.618619
1.621622 1.621622 1.621622
1.624625 1.624625 1.624625
1.627628 1.627628 1.627628
1.630631 1.630631 1.630631
1.633634 1.633634 1.633634
1.636637 1.636637 1.636637
1.639640 1.639640 1.639640
1.642643 1.642643 1.642643
1.645646 1.645646 1.645646
1.648649 1.648649 1.648649
1.651652 1.651652 1.651652
1.654655 1.654655 1.654655
1.657658 1.657658 1.657658
1.660661 1.660661 1.660661
1.663664 1.663664 1.663664
1.666667 1.666667 1.666667
1.669670 1.669670 1.669670
1.672673 1.672673 1.672673
1.675676 1.675676 1.675676
1.678679 1.678679 1.678679
1.681682 1.681682 1.681682
1.684685 1.684685 1.684685
1.687688 1.687688 1.687688
1.690691 1.690691 1.690691
1.693694 1.693694 1.693694
1.696697 1.696697 1.696697
1.699700 1.699700 1.699700
1.702703 1.702703 1.702703
1.705706 1.705706 1.705706
1.708709 1.708709 1.708709
1.711712 1.711712 1.711712
1.714715 1.714715 1.714715
1.717718 1.717718 1.717718
1.720721 1.720721 1.720721
1.723724 1.723724 1.723724
1.726727 1.726727 1.726727
1.729730 1.729730 1.729730
1.732733 1.732733 1.732733
1.735736 1.735736 1.735736
1.738739 1.738739 1.738739
1.741742 1.741742 1.741742
1.744745 1.744745 1.744745
1.747748 1.747748 1.747748
1.750751 1.750751 1.750751
1.753754 1.753754 1.753754
1.756757 1.756757 1.756757
1.759760 1.759760 1.759760
1.762763 1.762763 1.762763
1.765766 1.765766 1.765766
1.768769 1.768769 1.768769
1.771772 1.771772 1.771772
1.774775 1.774775 1.774775
1.777778 1.777778 1.777778
1.780781 1.780781 1.780781
1.783784 1.783784 1.783784
1.786787 1.786787 1.786787
1.789790 1.789790 1.789790
1.792793 1.792793 1.792793
1.795796 1.795796 1.795796
1.798799 1.798799 1.798799
1.801802 1.801802 1.801802
1.804805 1.804805 1.804805
1.807808 1.807808 1.807808
1.810811 1.810811 1.810811
1.813814 1.813814 1.813814
1.816817 1.816817 1.816817
1.819820 1.819820 1.819820
1.822823 1.822823 1.822823
1.825826 1.825826 1.825826
1.828829 1.828829 1.828829
1.831832 1.831832 1.831832
1.834835 1.834835 1.834835
1.837838 1.837838 1.837838
1.840841 1.840841 1.840841
1.843844 1.843844 1.843844
1.846847 1.846847 1.846847
1.849850 1.849850 1.849850
1.852853 1.852853 1.852853
1.855856 1.855856 1.855856
1.858859 1.858859 1.858859
1.861862 1.861862 1.861862
1.864865 1.864865 1.864865
1.867868 1.867868 1.867868
1.870871 1.870871 1.870871
1.873874 1.873874 1.873874
1.876877 1.876877 1.876877
1.879880 1.879880 1.879880
1.882883 1.882883 1.882883
1.885886 1.885886 1.885886
1.888889 1.888889 1.888889
1.891892 1.891892 1.891892
1.894895 1.894895 1.894895
1.897898 1.897898 1.897898
1.900901 1.900901 1.900901
1.903904 1.903904 1.903904
1.906907 1.906907 1.906907
1.909910 1.909910 1.909910
1.912913 1.912913 1.912913
1.915916 1.915916 1.915916
1.918919 1.918919 1.918919
1.921922 1.921922 1.921922
1.924925 1.924925 1.924925
1.927928 1.927928 1.927928
1.930931 1.930931 1.930931
1.933934 1.933934 1.933934
1.936937 1.936937 1.936937
1.939940 1.939940 1.939940
1.942943 1.942943 1.942943
1.945946 1.945946 1.945946
1.948949 1.948949 1.948949
1.951952 1.951952 1.951952
1.954955 1.954955 1.954955
1.957958 1.957958 1.957958
1.960961 1.960961 1.960961
1.963964 1.963964 1.963964
1.966967 1.966967 1.966967
1.969970 1.969970 1.969970
1.972973 1.972973 1.972973
1.975976 1.975976 1.975976
1.978979 1.978979 1.978979
1.981982 1.981982 1.981982
1.984985 1.984985 1.984985
1.987988 1.987988 1.987988
1.990991 1.990991 1.990991
1.993994 1.993994 1.993994
1.996997 1.996997 1.996997
2.000000 2.000000 2.000000
2.003003 2.003003 2.003003
2.006006 2.006006 2.006006
2.009009 2.009009 2.009009
2.012012 2.012012 2.012012
2.015015 2.015015 2.015015
2.018018 2.018018 2.018018
2.021021 2.021021 2.021021
2.024024 2.024024 2.024024
2.027027 2.027027 2.027027
2.030030 2.030030 2.030030
2.033033 2.033033 2.033033
2.036036 2.036036 2.036036
2.039039 2.039039 2.039039
2.042042 2.042042 2.042042
2.045045 2.045045 2.045045
2.048048 2.048048 2.048048
2.051051 2.051051 2.051051
2.054054 2.054054 2.054054
2.057057 2.057057 2.057057
2.060060 2.060060 2.060060
2.063063 2.063063 2.063063
2.066066 2.066066 2.066066
2.069069 2.069069 2.069069
2.072072 2.072072 2.072072
2.075075 2.075075 2.075075
2.078078 2.078078 2.078078
2.081081 2.081081 2.081081
2.084084 2.084084 2.084084
2.087087 2.087087 2.087087
2.090090 2.090090 2.090090
2.093093 2.093093 2.093093
2.096096 2.096096 2.096096
2.099099 2.099099 2.099099
2.102102 2.102102 2.102102
2.105105 2.105105 2.105105
2.108108 2.108108 2.108108
2.111111 2.111111 2.111111
2.114114 2.114114 2.114114
2.117117 2.117117 2.117117
2.120120 2.120120 2.120120
2.123123 2.123123 2.123123
2.126126 2.126126 2.126126
2.129129 2.129129 2.129129
2.132132 2.132132 2.132132
2.135135 2.135135 2.135135
2.138138 2.138138 2.138138
2.141141 2.141141 2.141141
2.144144 2.144144 2.144144
2.147147 2.147147 2.147147
2.150150 2.150150 2.150150
2.153153 2.153153 2.153153
2.156156 2.156156 2.156156
2.159159 2.159159 2.159159
2.162162 2.162162 2.162162
2.165165 2.165165 2.165165
2.168168 2.168168 2.168168
2.171171 2.171171 2.171171
2.174174 2.174174 2.174174
2.177177 2.177177 2.177177
2.180180 2.180180 2.180180
2.183183 2.183183 2.183183
2.186186 2.186186 2.186186
2.189189 2.189189 2.189189
2.192192 2.192192 2.192192
2.195195 2.195195 2.195195
2.198198 2.198198 2.198198
2.201201 2.201201 2.201201
2.204204 2.204204 2.204204
2.207207 2.207207 2.207207
2.210210 2.210210 2.210210
2.213213 2.213213 2.213213
2.216216 2.216216 2.216216
2.219219 2.219219 2.219219
2.222222 2.222222 2.222222
2.225225 2.225225 2.225225
2.228228 2.228228 2.228228
2.231231 2.231231 2.231231
2.234234 2.234234 2.234234
2.237237 2.237237 2.237237
2.240240 2.240240 2.240240
2.243243 2.243243 2.243243
2.246246 2.246246 2.246246
2.249249 2.249249 2.249249
2.252252 2.252252 2.252252
2.255255 2.255255 2.255255
2.258258 2.258258 2.258258
2.261261 2.261261 2.261261
2.264264 2.264264 2.264264
2.267267 2.267267 2.267267
2.270270 2.270270 2.270270
2.273273 2.273273 2.273273
2.276276 2.276276 2.276276
2.279279 2.279279 2.279279
2.282282 2.282282 2.282282
2.285285 2.285285 2.285285
2.288288 2.288288 2.288288
2.291291 2.291291 2.291291
2.294294 2.294294 2.294294
2.297297 2.297297 2.297297
2.300300 2.300300 2.300300
2.303303 2.303303 2.303303
2.306306 2.306306 2.306306
2.309309 2.309309 2.309309
2.312312 2.312312 2.312312
2.315315 2.315315 2.315315
2.318318 2.318318 2.318318
2.321321 2.321321 2.321321
2.324324 2.324324 2.324324
2.327327 2.327327 2.327327
2.330330 2.330330 2.330330
2.333333 2.333333 2.333333
2.336336 2.336336 2.336336
2.339339 2.339339 2.339339
2.342342 2.342342 2.342342
2.345345 2.345345 2.345345
2.348348 2.348348 2.348348
2.351351 2.351351 2.351351
2.354354 2.354354 2.354354
2.357357 2.357357 2.357357
2.360360 2.360360 2.360360
2.363363 2.363363 2.363363
2.366366 2.366366 2.366366
2.369369 2.369369 2.369369
2.372372 2.372372 2.372372
2.375375 2.375375 2.375375
2.378378 2.378378 2.378378
2.381381 2.381381 2.381381
2.384384 2.384384 2.384384
2.387387 2.387387 2.387387
2.390390 2.390390 2.390390
2.393393 2.393393 2.393393
2.396396 2.396396 2.396396
2.399399 2.399399 2.399399
2.402402 2.402402 2.402402
2.405405 2.405405 2.405405
2.408408 2.408408 2.408408
2.411411 2.411411 2.411411
2.414414 2.414414 2.414414
2.417417 2.417417 2.417417
2.420420 2.420420 2.420420
2.423423 2.423423 2.423423
2.426426 2.426426 2.426426
2.429429 2.429429 2.429429
2.432432 2.432432 2.432432
2.435435 2.435435 2.435435
2.438438 2.438438 2.438438
2.441441 2.441441 2.441441
2.444444 2.444444 2.444444
2.447447 2.447447 2.447447
2.450450 2.450450 2.450450
2.453453 2.453453 2.453453
2.456456 2.456456 2.456456
2.459459 2.459459 2.459459
2.462462 2.462462 2.462462
2.465465 2.465465 2.465465
2.468468 2.468468 2.468468
2.471471 2.471471 2.471471
2.474474 2.474474 2.474474
2.477477 2.477477 2.477477
2.480480 2.480480 2.480480
2.483483 2.483483 2.483483
2.486486 2.486486 2.486486
2.489489 2.489489 2.489489
2.492492 2.492492 2.492492
2.495495 2.495495 2.495495
2.498498 2.498498 2.498498
2.501502 2.501502 2.501502
2.504505 2.504505 2.504505
2.507508 2.507508 2.507508
2.510511 2.510511 2.510511
2.513514 2.513514 2.513514
2.516517 2.516517 2.516517
2.519520 2.519520 2.519520
2.522523 2.522523 2.522523
2.525526 2.525526 2.525526
2.528529 2.528529 2.528529
2.531532 2.531532 2.531532
2.534535 2.534535 2.534535
2.537538 2.537538 2.537538
2.540541 2.540541 2.540541
2.543544 2.543544 2.543544
2.546547 2.546547 2.546547
2.549550 2.549550 2.549550
2.552553 2.552553 2.552553
2.555556 2.555556 2.555556
2.558559 2.558559 2.558559
2.561562 2.561562 2.561562
2.564565 2.564565 2.564565
2.567568 2.567568 2.567568
2.570571 2.570571 2.570571
2.573574 2.573574 2.573574
2.576577 2.576577 2.576577
2.579580 2.579580 2.579580
2.582583 2.582583 2.582583
2.585586 2.585586 2.585586
2.588589 2.588589 2.588589
2.591592 2.591592 2.591592
2.594595 2.594595 2.594595
2.597598 2.597598 2.597598
2.600601 2.600601 2.600601
2.603604 2.603604 2.603604
2.606607 2.606607 2.606607
2.609610 2.609610 2.609610
2.612613 2.612613 2.612613
2.615616 2.615616 2.615616
2.618619 2.618619 2.618619
2.621622 2.621622 2.621622
2.624625 2.624625 2.624625
2.627628 2.627628 2.627628
2.630631 2.630631 2.630631
2.633634 2.633634 2.633634
2.636637 2.636637 2.636637
2.639640 2.639640 2.639640
2.642643 2.642643 2.642643
2.645646 2.645646 2.645646
2.648649 2.648649 2.648649
2.651652 2.651652 2.651652
2.654655 2.654655 2.654655
2.657658 2.657658 2.657658
2.660661 2.660661 2.660661
2.663664 2.663664 2.663664
2.666667 2.666667 2.666667
2.669670 2.669670 2.669670
2.672673 2.672673 2.672673
2.675676 2.675676 2.675676
2.678679 2.678679 2.678679
2.681682 2.681682 2.681682
2.684685 2.684685 2.684685
2.687688 2.687688 2.687688
2.690691 2.690691 2.690691
2.693694 2.693694 2.693694
2.696697 2.696697 2.696697
2.699700 2.699700 2.699700
2.702703 2.702703 2.702703
2.705706 2.705706 2.705706
2.708709 2.708709 2.708709
2.711712 2.711712 2.711712
2.714715 2.714715 2.714715
2.717718 2.717718 2.717718
2.720721 2.720721 2.720721
2.723724 2.723724 2.723724
2.726727 2.726727 2.726727
2.729730 2.729730 2.729730
2.732733 2.732733 2.732733
2.735736 2.735736 2.735736
2.738739 2.738739 2.738739
2.741742 2.741742 2.741742
2.744745 2.744745 2.744745
2.747748 2.747748 2.747748
2.750751 2.750751 2.750751
2.753754 2.753754 2.753754
2.756757 2.756757 2.756757
2.759760 2.759760 2.759760
2.762763 2.762763 2.762763
2.765766 2.765766 2.765766
2.768769 2.768769 2.768769
2.771772 2.771772 2.771772
2.774775 2.774775 2.774775
2.777778 2.777778 2.777778
2.780781 2.780781 2.780781
2.783784 2.783784 2.783784
2.786787 2.786787 2.786787
2.789790 2.789790 2.789790
2.792793 2.792793 2.792793
2.795796 2.795796 2.795796
2.798799 2.798799 2.798799
2.801802 2.801802 2.801802
2.804805 2.804805 2.804805
2.807808 2.807808 2.807808
2.810811 2.810811 2.810811
2.813814 2.813814 2.813814
2.816817 2.816817 2.816817
2.819820 2.819820 2.819820
2.822823 2.822823 2.822823
2.825826 2.825826 2.825826
2.828829 2.828829 2.828829
2.831832 2.831832 2.831832
2.834835 2.834835 2.834835
2.837838 2.837838 2.837838
2.840841 2.840841 2.840841
2.843844 2.843844 2.843844
2.846847 2.846847 2.846847
2.849850 2.849850 2.849850
2.852853 2.852853 2.852853
2.855856 2.855856 2.855856
2.858859 2.858859 2.858859
2.861862 2.861862 2.861862
2.864865 2.864865 2.864865
2.867868 2.867868 2.867868
2.870871 2.870871 2.870871
2.873874 2.873874 2.873874
2.876877 2.876877 2.876877
2.879880 2.879880 2.879880
2.882883 2.882883 2.882883
2.885886 2.885886 2.885886
2.888889 2.888889 2.888889
2.891892 2.891892 2.891892
2.894895 2.894895 2.894895
2.897898 2.897898 2.897898
2.900901 2.900901 2.900901
2.903904 2.903904 2.903904
2.906907 2.906907 2.906907
2.909910 2.909910 2.909910
2.912913 2.912913 2.912913
2.915916 2.915916 2.915916
2.918919 2.918919 2.918919
2.921922 2.921922 2.921922
2.924925 2.924925 2.924925
2.927928 2.927928 2.927928
2.930931 2.930931 2.930931
2.933934 2.933934 2.933934
2.936937 2.936937 2.936937
2.939940 2.939940 2.939940
2.942943 2.942943 2.942943
2.945946 2.945946 2.945946
2.948949 2.948949 2.948949
2.951952 2.951952 2.951952
2.954955 2.954955 2.954955
2.957958 2.957958 2.957958
2.960961 2.960961 2.960961
2.963964 2.963964 2.963964
2.966967 2.966967 2.966967
2.969970 2.969970 2.969970
2.972973 2.972973 2.972973
2.975976 2.975976 2.975976
2.978979 2.978979 2.978979
2.981982 2.981982 2.981982
2.984985 2.984985 2.984985
2.987988 2.987988 2.987988
2.990991 2.990991 2.990991
2.993994 2.993994 2.993994
2.996997 2.996997 2.996997
3.000000 3.000000 3.000000
